2023-05-25-19-02-32:
  best_params:
    max_depth: 9
    min_samples_leaf: 2
    min_samples_split: 8
    n_estimators: 150
  metrics:
    accuracy: 0.9435600578871202
    precision: 0.9347162904209884
    recall: 0.9690069576217584
